% -------------------------------------------------------------------
%  Generated by MATLAB on 5-Jun-2023 11:24:53
%  MATLAB version: 9.14.0.2206163 (R2023a)
% -------------------------------------------------------------------
                                 

ty_opt = struct;
ty_opt.tyre_coeffs = struct;
ty_opt.tyre_coeffs.FZ0 = 1120;
ty_opt.tyre_coeffs.R0 = 0.2304;
ty_opt.tyre_coeffs.pCx1 = 1.4232138568174262;
ty_opt.tyre_coeffs.pDx1 = 2.1415117988821288;
ty_opt.tyre_coeffs.pDx2 = -0.9516430059984583;
ty_opt.tyre_coeffs.pDx3 = 6.8858395441743845;
ty_opt.tyre_coeffs.pEx1 = -0.18359047229450978;
ty_opt.tyre_coeffs.pEx2 = 0.072840019425937388;
ty_opt.tyre_coeffs.pEx3 = 0.55047611746901248;
ty_opt.tyre_coeffs.pEx4 = 0.98875576302167745;
ty_opt.tyre_coeffs.pHx1 = 0.0050717038916775255;
ty_opt.tyre_coeffs.pHx2 = 0.0063753156025346883;
ty_opt.tyre_coeffs.pKx1 = 43.350833034255885;
ty_opt.tyre_coeffs.pKx2 = -0.0032409640963015456;
ty_opt.tyre_coeffs.pKx3 = 0.81502248308947667;
ty_opt.tyre_coeffs.pVx1 = -0.19636637651312341;
ty_opt.tyre_coeffs.pVx2 = -0.11407310774319408;
ty_opt.tyre_coeffs.pCy1 = 1.5362209116519074;
ty_opt.tyre_coeffs.pDy1 = 2.2663640584231812;
ty_opt.tyre_coeffs.pDy2 = -0.62140528650274529;
ty_opt.tyre_coeffs.pDy3 = 0.04689108667476416;
ty_opt.tyre_coeffs.pEy1 = 0.307135068302397;
ty_opt.tyre_coeffs.pEy2 = -0.90080512592549233;
ty_opt.tyre_coeffs.pEy3 = 0.23944514521668514;
ty_opt.tyre_coeffs.pEy4 = -5.0478293753841585;
ty_opt.tyre_coeffs.pHy1 = -0.0044656561276570786;
ty_opt.tyre_coeffs.pHy2 = -0.0015155230419721755;
ty_opt.tyre_coeffs.pHy3 = -0.089945950144207115;
ty_opt.tyre_coeffs.pKy1 = -25.011131111832039;
ty_opt.tyre_coeffs.pKy2 = -0.64599694219936743;
ty_opt.tyre_coeffs.pKy3 = 0.94199748357736446;
ty_opt.tyre_coeffs.pVy1 = 0.030826066120013422;
ty_opt.tyre_coeffs.pVy2 = -0.0400000355440494;
ty_opt.tyre_coeffs.pVy3 = -1.6608210589695591;
ty_opt.tyre_coeffs.pVy4 = -1.0001712983047857;
ty_opt.tyre_coeffs.qBz1 = 6.180830093989254;
ty_opt.tyre_coeffs.qBz2 = -2.5779410734742947;
ty_opt.tyre_coeffs.qBz3 = -0.9659520649511798;
ty_opt.tyre_coeffs.qBz4 = 0.1;
ty_opt.tyre_coeffs.qBz5 = 0.1;
ty_opt.tyre_coeffs.qBz9 = 3.1658311865141859E-6;
ty_opt.tyre_coeffs.qBz10 = 2.7464141388164736E-6;
ty_opt.tyre_coeffs.qCz1 = 1.7540725037064631;
ty_opt.tyre_coeffs.qDz1 = 0.23907935648317227;
ty_opt.tyre_coeffs.qDz2 = -0.027460657947465685;
ty_opt.tyre_coeffs.qDz3 = 1;
ty_opt.tyre_coeffs.qDz4 = 1;
ty_opt.tyre_coeffs.qDz6 = 0.0042908143151488727;
ty_opt.tyre_coeffs.qDz7 = 0.011398567785919815;
ty_opt.tyre_coeffs.qDz8 = 1;
ty_opt.tyre_coeffs.qDz9 = 1;
ty_opt.tyre_coeffs.qEz1 = 0.41247543663533881;
ty_opt.tyre_coeffs.qEz2 = -0.94359757344078588;
ty_opt.tyre_coeffs.qEz3 = -1.1786958416672157;
ty_opt.tyre_coeffs.qEz4 = -0.13391037664454192;
ty_opt.tyre_coeffs.qEz5 = 1;
ty_opt.tyre_coeffs.qHz1 = -0.012921454082482282;
ty_opt.tyre_coeffs.qHz2 = 0.0021277681122108105;
ty_opt.tyre_coeffs.qHz3 = 0.1;
ty_opt.tyre_coeffs.qHz4 = 0.1;
ty_opt.tyre_coeffs.rBx1 = 11.161074901720793;
ty_opt.tyre_coeffs.rBx2 = 14.102294126619125;
ty_opt.tyre_coeffs.rBy1 = 16.507884843281822;
ty_opt.tyre_coeffs.rBy2 = 29.975045501140709;
ty_opt.tyre_coeffs.rBy3 = -0.074742795726931488;
ty_opt.tyre_coeffs.rCx1 = 1.1012877851976497;
ty_opt.tyre_coeffs.rCy1 = 0.9695668061098246;
ty_opt.tyre_coeffs.rHx1 = -0.008078042710687721;
ty_opt.tyre_coeffs.rHy1 = 0.038665248794765725;
ty_opt.tyre_coeffs.rVy1 = -0.046254622514205132;
ty_opt.tyre_coeffs.rVy2 = 0.0001;
ty_opt.tyre_coeffs.rVy3 = 0.0001;
ty_opt.tyre_coeffs.rVy4 = -2.5459998922413592E-5;
ty_opt.tyre_coeffs.rVy5 = -0.7105875505460012;
ty_opt.tyre_coeffs.rVy6 = 58.2748534238628;
ty_opt.tyre_coeffs.LCX = 1;
ty_opt.tyre_coeffs.LCY = 1;
ty_opt.tyre_coeffs.LEX = 1;
ty_opt.tyre_coeffs.LEY = 1;
ty_opt.tyre_coeffs.LFZ0 = 1;
ty_opt.tyre_coeffs.LGAMMAY = 1;
ty_opt.tyre_coeffs.LHX = 1;
ty_opt.tyre_coeffs.LHY = 1;
ty_opt.tyre_coeffs.LKA = 1;
ty_opt.tyre_coeffs.LKXK = 1;
ty_opt.tyre_coeffs.LMUX = 1;
ty_opt.tyre_coeffs.LMUY = 1;
ty_opt.tyre_coeffs.LVX = 1;
ty_opt.tyre_coeffs.LVY = 1;
ty_opt.tyre_coeffs.LVYK = 1;
ty_opt.tyre_coeffs.LXA = 1;
ty_opt.tyre_coeffs.LKY = 1;
ty_opt.tyre_coeffs.LMR = 1;
ty_opt.tyre_coeffs.LT = 1;

